-g1..

118) 126 56 11. 105 (2. 99) ΙΠ.

224 56 258 (2. 22 56 23.)

ScholiainAeeohy1.Ag.Sohiitz
938 (1. 129, 2. 144.)

8555115 15 Aristidem. ed. Din-
dorf. 43. 8 (1. 124) 325. 3 (2. 84)
458. 2 (2. 65) 464. 25 (1. 25)
474. 6 (3. 24) 545. 6 (1. 142)
566. 25 (3. 34.)

Scholia in Aristoph. 555555.
44 (1. 23) Nub. 446 (1. 41.)
Scholia in Demosth. 3. 11 (3.
24. 25) 18. 4 (3. 1) 28 (3. 76)
75 (3. 115. 139) 112 (3. 11) 169
(3. 39) 19. 2 (1. 52) 15 (2. 75)
mffifflssffifflfflffl.
26 (1. 77.)

Scholia in 55515555. Joko·
5165 IV. 93. 20 56 214. 30 (1. 79.)
Scholia Sheph. in 5115656.
art. 5556. 1. 3 (2. 34) 15. 17
(1. 78),15 Cr. A. P. 1. 30027
56 277. 12.

Sextus Emp. adv. 5556. 40
Bokher 682. 30 (3. 193.)
Sopater. ecl. Walz. 5556. gr.
IV. 50. 11 (1. 13) 509. 20 (3. 45)
V. 23. 22 (1. 13) 28, 28 (3. 173)
29. 1 (2. 161) 50. 5 56 26 (3.
172 56 77) 69. 5 (1. 164) 73. 12
86555555. ecl. 1. 9. 2 p. 270 (1.
151) florileg. ed. Mein. Ι. 69 4
(3. 99) 131. 10 (1. 48) 24623
stwstfflffistwfflffi.
147) 90. 30 (1. 2) 92. 7 (1. 4)
97. 25 (3. 180) 162. 18 (1. 30)
215. 11 (3. 16) lV. 71. 22 (1. 24)
98. 9 (2. 181.)

Strabo. geogr. Mein. 460. 156
461. 21 (2. 27.)

851555. od Horp. redit: 1. 211.
18 (103.) 23. 28. 29. 41. 49. 52
quater. 54. 59 515. 64. 74. 77.
79. 103. 138. 191114. 15. 21.
27 515. 31. 40. 99 515. 105. 124.
132 515 (138,.) 145. 150 (151.
152.) 156. 158. 167. 168 515. HI.
1. 4. 14 515 (29. 222, 27. 29.)
22. 24 (25.) 25. 30. 38. 39 515.
51 515. 62. 82 ter. 83. 86 515
(88,.) 107 ter (118. 123,113. 119,
108.) 108 515 (110111. 121,110.
117. 121. 122. 129.) 110. 115 515
(1391.) 116. 118. 119. 122 515.

0555555555 Aeschinen 55161555.

125. 133. 137 515 39 b1s (194)
160. 162. 171 515. 183 (184 185.)
197. 210. 211. 252. ipse verbe
5551556ν.ο1κολλιέρητος; 3131.
152. ahot: 3. 12211μαι 3. 52511165-

γινον; 1. 97 ἄναρρηθογναιε 3. 45

οἷνδοόγονοςῑ 2. 127 αργαῐονῑ 1.
25183. ἀσέλγεια 3. 170. ἀφο-
οιούμεθαι 3. 1201555555 317
Βάταλος. 2. 99 γὸηις 2. 153, 3.
137 (207) deveo 1. 174. 6ιο1μν1155ε
3150. ἐκκλήτενεε pg.4o. ἐκκλη-
τευθῆναιε 1. 43. ἐκποίητον γενέ-
σ9οιε3.21.11νανλον; 3191.
ἐξαγ ωνίῑων ,1.76 ἐοικότα. 3
111. Ιὲπάοοτοςε 3. 107 (113 114.
119) Ἐτεοβοοτάδοοε 2.’1475 ογνω-
μοσύνηι3. 170 (174) ιερείας ἐνύπ-
νιον; 2. 1111555 ψῆφοιε 3. 252.
κατεχειροτόνησαν αὐτοῦς 3. 52.
Κερσοβλέπτης. pg 40. κεφάλαιονῑ
3104. 240. Κτησιφωνε pg. 40.
15555ξί55 2.148.1ογ.ισμος 3.
170. μάγος. 3. 137. Μαργίτηςτ
3163161209496234:1154.
ὅμηροι. 3133. ὀρθῆςε 2163.
acconam:2.40.713v30x01:2.
97. παρέγγραπτοςῑ 2177. παρ’
‘mov καὶ κόρην; 1. 182. παρρη-
ola: l. 172, 2. 70. nonposswv: 3.
52. οοςοιστὴςε 316. οικοφάντης;
2.145.τερατενὸμεζος; 1. 94, 3
160 τη115; 1. 53. ὑπογενειάζ1ονε
1. 69 φήμηε1.128.’1ςρονών65ςῑ

Syrian 5517515, rhet. gr. IV.
731. 11,(3. 173) 94. 5 (3. 77) 725. 6
(.50.

Theodorus Gaza de 15555. U.
Ρ. 282. 17 56 18 (2. 90 56 92)
283. 26 (3. 27.)

Τ5555. eo Wolz. rhet. gr. 1.
153. 14. (3. 157) 166. 7 (1. 125)
170. 12 (2. 88) 224. 1 (1. 190.)

Thomas Mag. lex. 24. 17 (2.
127) 57. 4 (2. 99) 94. 2 (2. 126)
101. 9 (2. 29) 116. 12 (1. 24)
129. 15 (1. 52) 157. 16 56 21
(1. 25 56 71) 158. 2, 6, 14 (1.
111, 169, 171)159. 1(1. 178) 2
(2. 47) 16 (2. 20) 160. 1 (2. 30)
207. 9 (1. 191) 215. 14 (2. 66)
224. 10 (2. 180) 242. 12 5618
(2. 19 56 131) 260. 6 (1. 100)
261. 3 (1. 30) 278. 5 (2. 145)

6

 

