Index 111 cap. 1.

6111111611.θᾶ77111,11111181.
VIII 424. 4(3. 202) 432. 1412
(3. 166 et 167)5 5(2. 88) 437. 7
(3. 17) 444. 2(3. 257. 258) 4459
(3. 75) 4489 (3. 257. 258) 449. 5
(1. 175) 12 (3. 211) 456 5(3. 15 3)
4586 (3. 166) 460. 10 (3. 233)
4617111 11 (3. 198 et 233) 462 7
(3. 16) 464. 10 (3. 198) 465 3
(3. 202) 476. 3et7(3. 78 et 152)
480. 6 (2. 119.)

Ammonius, de diff. voc. Valck.
44.1(3. 194) 81.1(1. 191) 82. 12

, (1. 4191111. 131.)

Anecdota Graeca. 8111111111-
ni: I. 17. 10(1. 52.) 29. 23 (1.
137.) 32. 13 (1. 103) 35 19(3.
139. 194.) 37. 30 (3. 147. 245.)
62 25 (3. 241) 85. 4(3. 45.)100.
28 (3 28) 104. 21 (3. (25) 1059
(2.4) 122. Ι16(2. 6.) 141. 14. (2.
99) 143. 3(3. 258) 145 8(3. 86)
150. 23 (3. 170.) 160 3(3. 210)
1641 (3. 119) 172. 25 (3. 120)
1742 (3. 17))179. 13 (2. 99)
213. 2(2. 110) 217. 27 (1. 86)
231.10(1 97) 33 (1. 130) 235.
23(1.17,32.112)253.(.8186)
276 22 (2. (40) 291. 29 (3. 170)
298. 1(12415)03520 14 (2 163)
19 (2 111)3 325. 20(2. 40) 3335
(1. 51) 352. 4(1. 49) 362. 15
(1. 70) 376 15 (1 102) 18 (2 74)
384. 25 (1. 94) 26 (2 49) 397 21
(1. 61) 400. 18 (1. 132) 408. 26
(3. 166) 415. 27. 29 (1. 131.) II.
3133122 et 373. 7 (1. 79.) 378. 30

11115οά011 Graeca Bekkeri:

31. 24 (2. 163, 3. 137. 207) 183. 7
(3. 52) 185. 1 (2. 99) 187. 26 (2.
22, 3. 172) 31 (1. 191) 18810
(3. 137) 28 (1. 46) 197. 24 (3. 25)
198. 7 (3. 28) 200. 21 (1. 52)

202. 7 (3. 210) 204. 10 (2. 4)
205. l (1. 59) 206. 7 (2. 99) 18
(3. 122) 210. 3 (3. 115) 212. 14
(1. 125) 214. 26 (3 45) 2165
(3. 52) 221. 26 (2. 99) 236. 22
(1. 77) 239.17.(2 130)247. 10
(3. 21) 30 (1. 89) 248 27 (3. 208)
251. 9(2. 31)18 (2. 168) 21 (3.
191) 255. 13 (1. 191) 15 (3.122)
29 (1. 163) 256. 3 (3. 62) 257.4
(2. 147) 18 (3. 137) 259. 20 (2.
22, 3. 172) 260. 11 (1. 176) 262.
21 (3. 14. 27. 29) 264. 15 (3. 38)
265. 4 (3. 122) 266. 9 (2. 10)
270. 27 (2. 140) 271. 13 (2. 40)
276. 13 (1. 91) 277. 1 (2. 148)
279. 3 (3. 125) 12 (3. 160) 2837 .
(2.115) 284.13(1. 138) 287. 3
(2 21) 290. 8(3 4) 291. 4(3.
39) 29 (2 40) 293. 26)(3. (1.08
110 111.111)291.11(1 182)
18 (2. 40) 25 (1. 97) 296. 4(2.
158) 297. 30 (3. 52) 299. 5 (3.·
108. 110. 111. 121) 303. 19 (2.
133. 134) 29 (3. 25) 306. 24 (3.
30) 307. 18 (1. 79) 31 (1. 53)
308. 28 (2. 168) 312. 6 (1. 61)
2ξ7(3. 41.) 314. 3(1. 59) 26 (3.
An00ymus' εἰς 459. W. I. 130
(1. 152) ἕκθ. (Im. W 111. 736. 28
(1. 152) π. σχημ. W. VIII. 710.
25 (3. 152) προλεγ. εἷς 101177.
VH 57. 8(1. 1) προλ. τῶν στ.
77. 711. 3811 (1.25.)σχ.εἰςστ
W. 7Π. 151. 28 (1. 164) τ. ῤ.
Sp. I7 428. 25 (1. 116) 439. 8
1111111110111113 11677111, rhet.
gr. 1, 67. 17(1. 152.)
ΑροΙ1ο11111111ςΑἰσχ. ἐξήγ. Schultz
ed Aesch. 3. 28 (2. 147. 148)4.
8, 13, 16 (2. 149, 167,168. 169)
5. 4 (2. 144. 180.)

 

