¹-80—

Lex. Cantabrig. ed. Nauck
(post 1811. Vind.) 335. 16 (1. 87)
341. 9 (1.2) 355. 13 (3. 162.)

1181118811 in (118111. anecd.
Oxou. II. 488.19(3. 139. 194)
49129 (3. 120) 495. 26 (3. 211)
499. 3 (1. 49.)

chiccn Vindob. Nauck. 299
(2. 164) 95. 6 (3. 211) 124. 4
(3. 125) 152. 1 81 2 (2. 158 86
32. (10) 165. 5 (1. 49) 195. 7

1381161888 prov. 88116. ll. 71 81
78 1181118811 PG. ΙΙ. 768 81770

Ι(1. 49 86 3. 163.)

8111181 Palaeol. 72 p. 100(

’ Marcellinus sd. Walz, 11186.

811181153ἳὲ 11121111) 13613218 211
22 (3. 9 86 11.)
Maximus Planudcs 81177811,
11186 gr. V. 234. 8 (1. 13) 368. 24
, 81 462. 23 (1. 1) 507. 19 (3. 198)
572. 20 (1. 152.)
Minucianus sd 77811, rhei. gr.
IX. 607. 3(1. 41.)
Μ88118 lexic. v. ζηλῶ 3. 211
ὀρικὰ ζεύγη2. 111.
1)(8111)71)ρρ.881168111181.1.122
Ρὲ1181811188. deser. Gr. Χ. 37.6
Phoebam. ed. Walz, 11186. gr.
VIII. 516. 7 (3. 198. 202.)
Phciius bibl. 250. 4478 25 (3.
Ρ11811118. lexic. 10. 15 (1. 137)
12. 14 (3. 82) 15. 3 (3183184.
185) 25. 13 86 15 (2. 147) 28. 13
(3. 170. 174) 53. 15 (3. 211) 5814
(3. 14. 27. 29) 8223 (1. 29) 86.
12 (2. 27) 22 (1. 52) 87.10(3.
38) 90. 7 (3 24. 25) 95. 13 (2.
132) 98. 17 (.3 (122) 102. 20 (2
10) 105. 23 (2. 15) 113 116 86
15(3. 252) 121. 8(1. 23) 1498
(2. 140) 157 21 (2. 40) 1588
(pg. 40) 159. 20(3. 104) 16022
(1. 52) 161. 19 (3. 171) 162. 20
(3. 51) 16712 (3 107. 118 123)
176. 14 (3 107. 108) 181 10 (3.
118) 24 (pg. 40) 212. 10 (2. 148)
221.17(1 18.103)23.0 1(2.
124) 3(2. 8) 238. 20 (1. 91) 247.

2865 (3. 160) 257. 18 (1. 154)
259. 15 (3. 125) 286. 5 (2. 115)
293. 8 (2. 168) 300. 10 (2. 132.
138) 304. 15 (3. 171) 309. 5 (1.
138) 316. 6 (3. 25) 319. 7 (1. 74)
329, 11 (2. 21) 331. 11 (3. 133)
346. 10 (2. 163) 347. 9 (2. 111)
354. 15 (1. 11) 17 (2. 156) 3683
(3. 51) 370. 12 86 374. 5 (2. 40)
377. 10 (2. 97) 379. 18 (2. 36)
381. 9 (3. 1) 387. 13 (3. 162)
392. ll (1. 132) 393. 5 (2. 177)
397. 27 (1. 182) 402. 22 (3 52)
420. 23 (2. 167) 428. 13.(3 139)
437. 15 (1. 7) 450 11 (2. 145)
452. 4(3. 4. 39) 456. 6(3. 108.
110. 111. 121) 461. 26 (2. 105)
462. 22 (2. 158) 463. 4(2.158
86 3. 110) 466. 1(1. 49) 4687
(3. 39) 504. 20 (3. 82) 531. 21
(2 133. 134) 541. 17 (2. 168)
543. 7 (2. 27) 568. 14 (3. 86)
578. 16 (2. 168) 581. 8 (1. 79)
585. 7 (1. 53) 605. 19 (3. 30)
626. 16 (1. 61) 628. 10 (3, 41)
645. 5 (2. 31) 650. 3 (1. 59.)
Plinius. 8518111127. 6 (1. 152)
1Χ. 26. 9 (3. 167) 11 (3.16. 101.
206) 12 (1. 176, 3, 208. 253.)
Ρ11168181183.Ι1818118. Solon. 1.
333. 18 (3. 108) Cimon. 111. 186. 5
86 11 (3. 184) 187. 2 (3. 185)
Ι)8111. IV. 696. 2 (3. 171) 697. 3
86 8 (2. 99) 704. 15 (3. 152) 727.
12 (3. 77) 730. 6 8614(3. 160
86 161) consol. ad 1581151171.
452. 16 (3. 77) de glor. Athen.
VII. 380. 8 (3. 146) Aesch. IX,
344, 6 86 7 (2. 149 86 169.)
Polluit. onom. I. 64 (3. 208) II.
82 (3. 241) 126 (1. 113) 196 (3.
192) 234 (3. 166) III. 35 (2. 31)
146 (3. 91) 148 (2. 130) IV. 94
(3. 41) 71. 20 (1. 96) 37 (1. 42)
VII. 34 (1. 97) 38 (3. 178) 202
(3 214) VIII 36 (1. 130) 72 (2.
76) 83 (3. 120) 98 (3 25) lX. 42
(1. 175)Χ. 10 (3 25.)
Priscian. 11181. gr. ed. Hertz
XVIII. 162 (3. 192) 174 (3. 209)
190 (3 151) 270 38) 280(3 87)
(111156111811118.11186.68111163
(3. 206)71 3 428 671. 1. 20
(3.205)ΧΙ.3.168(3.133.)
Scholia 111 1188811111.1.64(3.

 

