,-g2..

283. 19(1. 61) 301. 9 (2 97)
3281 (2. 57) 33210 (2. 99)
372. 10(1. 132) 388. 3(1. 171)
6(2. 151399. 16 (1. 131.)

Tiberius ed.Walz‚ rhet. gr. VIII.
537. 12 (3. 211) 545. 10 (2. 4)
561. 3 et 562. 8 (3. 198 et 78.)
Timaeus in schol. ad Aesch. 2.
10 lex. Plat. 77. 1 (2. 27) 1181
111111111101.11 Hermog. Or.
A. 01011111. 67. 31 (1.52)140
1, 5, 7(3. 11, 34, 50) 80110111]
Lycophr. 417 (3. 184. 185) Chil
VI. 46 (1. 102) 54 (1. 52) 125
(2. 49) 134 (1. 52, 2. 22) 138
(1. 131) 140 (2. 23) 143 (2. 40.
99) 145 (3. 207) 147 (3. 208) 148
(2. 149) 190 (2. 21) 196 (2. 34)
XII. 535 13. 4) 577 (2. 34.)

2011110111 97111, rhet. Gr VIII.
6388,512.Βο111.11 G ΠΙ. 317. 17
21111111110110 42. 10(1. 103)
55. 25 (3. 22) 149. 18 (1. 97)
167. 4 (3. 108. 110. 117. 121.
122. 129) 344. 5 (3. 119) 356. ll
(3. 17) 446. 24 (2. 153, 3. 137.
207) 494. 10 (1. 54) 517. 1 (1. 77)
652. 22 (3. 21) 656. 6 (1. 89)
667. 19 (pg. 40) 21 (1. 46) 698.
10 (2. 164) 766. 14 (3. 116) 786. 9
(3. 111) 787. 6 (1. 191) 871. 10
(3 45) 958. 14 (3. 211) 103014
(2. 27)11064. 3(3. 122) 1169. 12
(3 167) 1324. 7(1. 91) 1329. 8
(3. 160) 1417. 6(1. 138) 14684
(2.111) 15121 12(.2 97))1517. 19
(1.103) 1783. 8 (1. 61) 18094
(1 59) 185221 (2. 78.)

Ι. componuntur Ioci qui ex Aeschinis orationibus apud alios scriptores

excerpti leguntur .....

........... 1

ΙΙ. Quaeritur quid 1001 ex Aeschinis orcti0nibus opud alios scriptores
vexcerpti de codicibus oratoris nos doceant ....... 41

ΙΙΙ. Index ud cap. Ι ......

........... 77

 

