-73-

4666161161 oeni. VI. 59. 6 (2.
161) VIII. 41. 0 6169.6(3.184)
Χ1Π. 19. 6 (2, 166) 51. h (3. 173)
XVI. 46 (2. 84.)

, Apsines.ed.WaIz,rhet.gr.IX.
500. 25. (3. 133) 549. 8 (3. 230)
551. 4 (1. 180)585. 11 (3. 133)
591. 20 (2. 182) 592. 5 (2. 148.
179) 14 (3. 157) 595. 20 (3. 133.)

611611661161111. II. 150 (1. 129,
2. 144) τ. ῥ. 77611. IX. 348. 1
(3. 75) 359. 15 (3. 166) 375. 16
6119 (2266127.)
41111616161.11161.661716661711.
13. 5 (1. 129, 2. 144)τ.ῥ. sp..1
116. 15 (1. 132.)

1116611166 Ρ. C. Leutsch. XXII.
20 (2. 161) XVIII. 34 61 XXIX.
3(3. 184) XLI. 71 61 83 (2. 166
613. 173) IL. 41 (2. 84.)

· Athenaeus VI. 223. 6 (3. 83)
7111. 339. b (1. 41.)

Carmen de fig. Η61111,11161.161.
11116. 66. 77 (3. 133.)

016616 66 divin. II. 118 (3. 130)
66 oph. gen. 6161. 22 (3. 56)
61616126 (3. 167. 182) 57 (3. 228
1116661. III. 63 (3. 77.)
Clemens Alexandr. strom. VI.
2. 20 (3. 1.)

Codex Coislin. 267 66111. ΠΙ.
25 (2. 10) 277 66111111. 30 (3.
252) [in PC. ed. L. I. 421. 461
422. 4] 347161. 117 (2. 163) [in
Cr. A. P. IV. 172. 27.)
Cornelius Nep. Μ111. 6. 2, 3
(3. 178186.)

Cornificius 16 Η61. IV. 19 (3.

Demetrius ed. Walz, rhet.
Ξό2)Χ. 110. 14 61 18 (3. 13361

Demosthenen. 117111,27(3.82)
51 (3. 66) 58 (3. 11) 82 (3. 218)
122 (3. 169) 127 (3. 260) 212 (3.
57. 137) 227 (3. 59) 238 (3. 143)
243 (3. 225) 276 (3. 16. 137. 207)
299 Ι(3. 84) 319 (3. 189) ΧΙΧ. 242
(1. 175) 243 (1. 129, 2. 144) 245
(1. 152) 251 (1. 25) 285 (1. 191)
XX. 112 (3. 183) XXIV. 149 (3.6.)

Didymus apud Hesp. v. Θύστιον
(3. 122) Παιανιέα (3. 51.)

1116 Chrysost. or. 37 extr. (1.
129,2. 144.)

111οὲ161. 7731111. 14 (1. 152) XVII.
11161116. Η6116. 66. 11616116.
49. 6 (3. 202) 287, 11 61 12 (2.
96 61 123) 10649 (3. 229) 1065.
2618 (3. 14261228) 1122. 16
(3.7229) 1126. 3, 4, 7 (3. 72, 166,
1161166161 66. 77616. rhet.
gr. II. 234. 24 (3. 171) 288. 17
1116111. Meg. 77. 19 61 82. 55
(3. 122) 99. 2 (3. 45) 238. 22
(2. 153, 3. 137. 207) 268. 53 (3
122) 270. 32 (1. 59) 322. 40
(pg. 40) 43 (1. 89) 323 38 (3 21)
337. 55 (3. 191) 346. 36 (3. 107.
113 19) 51 (3116)353.7(1.
191) 43 (1. 64) 359. 15 (3. 122)
361. 25 (3 62) 369, 54 (.3 (82)
418 47 (3. (118) 502. 43 (1. 191)
541. 33 (3. l1718) 650. 33 (.)2 97)
654. 39 (2.17.7)700 1(3. 108
110.111.121)10(.2 158) 745 24
(3. 86) 782. 32 (3, 41) 790. 49
(2. 31) 795. 20 (1. 59.)
Florileg. Leidense ed. Bey·
nen 11. 136 (1. 48.)

Florileg. Monac. 66. 77616 502.
20. Mein. 8161). IV. 277 6. 143
Cellius. noct. 611. 18. 3 (1. 180
61181.)

1111611161. apud Boisson. A. G.
I. 118. 9 (3. 147.)
GregoriusCor.ed.WeIz,rhe6.
gr. VIII. 1182. 20 61 25 (1, 2
61 1. 2) 1185. 18 (1. 51. 52) 1186.
10 (1. 52) 1316. 2 61 18 (1,2
61 3. 4) 1321. 13 6117 (1 149
151) 1322. 17 (1. 152.)
Harpocration. v. 61γοίουςΙ. 52.
ἄδύνατοιΙ. 103. Ἀζηνίαι 3. 139.
194. ἀζήτητονε 3. 22. Αλόννησος1
3. 83. ἄμοογὸςε Ι. 97 ἄναγεῖςι
3108110 117.121.122. 129.
'Q'Avc1766610923 1151416616-
onoma115136'460216011
Ερμῆς; I. 125. ἀντιγραφεὺς· 3.
25. 6161191661 II 4. ἀπελεύθερος·
I. 114. Ἀργάςῑ II. 99 Αρθμιοςι
3. 258. ἀτίμητος 6166161 3. 210.
αὔλιαῑ 3. 119. Αὐτοκλείδης 1. 52.
616 661611 3. 120. Βάταλοςῑ ΙΙ, 99.
Γάνος καὶ II'avc66a: 3. 82. δημό-

 

